QueryID	TeamID	RunID	# Updates	nE[Gain]	Comprehensiveness	HM(nE[LG],Lat. Comp.)	E[Latency]
26	infolab	CM_beginning-1-1.000000-2000-result	62.0000	0.1142	0.5544	0.0936	0.4823
26	infolab	CM_threshold	112.0000	0.0688	0.5544	0.0634	0.5288
26	infolab	CP_beginning-1-1.000000-2000-result	62.0000	0.1142	0.5544	0.0936	0.4823
26	infolab	CP_threshold	112.0000	0.0688	0.5544	0.0634	0.5288
26	infolab	CW_beginning-1-1.000000-2000-result	62.0000	0.1142	0.5544	0.0936	0.4823
26	infolab	CW_threshold	112.0000	0.0688	0.5544	0.0634	0.5288
26	udel_fang	ProfOnlyFS2	47.0000	0.0633	0.2276	0.0477	0.4818
26	udel_fang	WikiOnlyFS2	919.0000	0.0110	0.6836	0.0078	0.4213
26	udel_fang	WikiProfMix1	927.0000	0.0110	0.6836	0.0077	0.4183
26	udel_fang	new_mix	678.0000	0.0145	0.6836	0.0101	0.4183
26	udel_fang	new_profile	46.0000	0.0643	0.2276	0.0483	0.4818
26	udel_fang	new_wiki	683.0000	0.0143	0.6836	0.0100	0.4213
26	AVG	-	318.5000	0.0606	0.5430	0.0502	0.4730
26	STD	-	349.5527	0.0388	0.1524	0.0329	0.0419
26	MIN	-	46.0000	0.0110	0.2276	0.0077	0.4183
26	MAX	-	927.0000	0.1142	0.6836	0.0936	0.5288
27	infolab	CM_beginning-1-1.000000-2000-result	100.0000	0.0694	0.5746	0.0944	0.6040
27	infolab	CM_threshold	75.0000	0.0916	0.5746	0.1204	0.6040
27	infolab	CP_beginning-1-1.000000-2000-result	100.0000	0.0694	0.5746	0.0944	0.6040
27	infolab	CP_threshold	75.0000	0.0916	0.5746	0.1204	0.6040
27	infolab	CW_beginning-1-1.000000-2000-result	100.0000	0.0694	0.5746	0.0944	0.6040
27	infolab	CW_threshold	118.0000	0.0604	0.5746	0.0834	0.6040
27	udel_fang	ProfOnlyFS2	51.0000	0.1021	0.4396	0.0683	0.5694
27	udel_fang	WikiOnlyFS2	224.0000	0.0357	0.7822	0.0521	0.7515
27	udel_fang	WikiProfMix1	290.0000	0.0295	0.7822	0.0412	0.6720
27	udel_fang	new_mix	288.0000	0.0296	0.7822	0.0414	0.6720
27	udel_fang	new_profile	48.0000	0.1070	0.4396	0.0710	0.5694
27	udel_fang	new_wiki	224.0000	0.0357	0.7822	0.0521	0.7515
27	AVG	-	141.0833	0.0660	0.6213	0.0778	0.6342
27	STD	-	85.9365	0.0271	0.1234	0.0268	0.0607
27	MIN	-	48.0000	0.0295	0.4396	0.0412	0.5694
27	MAX	-	290.0000	0.1070	0.7822	0.1204	0.7515
28	infolab	CM_beginning-1-1.000000-2000-result	148.0000	0.0431	0.3688	0.0541	0.8309
28	infolab	CM_threshold	191.0000	0.0381	0.3688	0.0527	0.8723
28	infolab	CP_beginning-1-1.000000-2000-result	148.0000	0.0431	0.3688	0.0541	0.8309
28	infolab	CP_threshold	211.0000	0.0349	0.3688	0.0487	0.8723
28	infolab	CW_beginning-1-1.000000-2000-result	148.0000	0.0431	0.3688	0.0541	0.8309
28	infolab	CW_threshold	238.0000	0.0336	0.3878	0.0473	0.8672
28	udel_fang	ProfOnlyFS2	70.0000	0.0299	0.1551	0.0196	0.3909
28	udel_fang	WikiOnlyFS2	919.0000	0.0123	0.5220	0.0126	0.5237
28	udel_fang	WikiProfMix1	942.0000	0.0122	0.5220	0.0153	0.6412
28	udel_fang	new_mix	903.0000	0.0125	0.5220	0.0128	0.5237
28	udel_fang	new_profile	70.0000	0.0299	0.1551	0.0196	0.3909
28	udel_fang	new_wiki	891.0000	0.0126	0.5220	0.0128	0.5237
28	AVG	-	406.5833	0.0288	0.3858	0.0336	0.6749
28	STD	-	361.7841	0.0124	0.1232	0.0184	0.1868
28	MIN	-	70.0000	0.0122	0.1551	0.0126	0.3909
28	MAX	-	942.0000	0.0431	0.5220	0.0541	0.8723
29	infolab	CM_beginning-1-1.000000-2000-result	65.0000	0.1017	0.2240	0.1286	0.9360
29	infolab	CM_threshold	24.0000	0.1082	0.1178	0.0864	0.6531
29	infolab	CP_beginning-1-1.000000-2000-result	65.0000	0.1017	0.2240	0.1286	0.9360
29	infolab	CP_threshold	24.0000	0.1318	0.1493	0.1142	0.7109
29	infolab	CW_beginning-1-1.000000-2000-result	61.0000	0.1117	0.2240	0.1369	0.9360
29	infolab	CW_threshold	84.0000	0.0875	0.2240	0.1157	0.9360
29	udel_fang	ProfOnlyFS2	75.0000	0.0625	0.1261	0.0349	0.4172
29	udel_fang	WikiOnlyFS2	893.0000	0.0138	0.2987	0.0166	0.6836
29	udel_fang	WikiProfMix1	909.0000	0.0178	0.3933	0.0206	0.6524
29	udel_fang	new_mix	616.0000	0.0243	0.3933	0.0276	0.6524
29	udel_fang	new_profile	63.0000	0.0710	0.1261	0.0379	0.4172
29	udel_fang	new_wiki	604.0000	0.0189	0.2987	0.0223	0.6836
29	AVG	-	290.2500	0.0709	0.2333	0.0725	0.7179
29	STD	-	339.9797	0.0408	0.0928	0.0476	0.1794
29	MIN	-	24.0000	0.0138	0.1178	0.0166	0.4172
29	MAX	-	909.0000	0.1318	0.3933	0.1369	0.9360
30	infolab	CM_beginning-1-1.000000-2000-result	93.0000	0.0769	0.2619	0.0898	0.7506
30	infolab	CM_threshold	52.0000	0.1018	0.2255	0.0815	0.4987
30	infolab	CP_beginning-1-1.000000-2000-result	93.0000	0.0769	0.2619	0.0898	0.7506
30	infolab	CP_threshold	53.0000	0.1065	0.2255	0.0840	0.4987
30	infolab	CW_beginning-1-1.000000-2000-result	92.0000	0.0775	0.2619	0.0902	0.7506
30	infolab	CW_threshold	100.0000	0.0721	0.2619	0.0853	0.7506
30	udel_fang	ProfOnlyFS2	89.0000	0.0805	0.2801	0.0610	0.4779
30	udel_fang	WikiOnlyFS2	829.0000	0.0251	0.5856	0.0284	0.6327
30	udel_fang	WikiProfMix1	855.0000	0.0255	0.6120	0.0272	0.5736
30	udel_fang	new_mix	523.0000	0.0358	0.6071	0.0378	0.5920
30	udel_fang	new_profile	82.0000	0.0838	0.2801	0.0630	0.4779
30	udel_fang	new_wiki	526.0000	0.0344	0.5807	0.0387	0.6524
30	AVG	-	282.2500	0.0664	0.3704	0.0647	0.6172
30	STD	-	298.3860	0.0275	0.1608	0.0244	0.1088
30	MIN	-	52.0000	0.0251	0.2255	0.0272	0.4779
30	MAX	-	855.0000	0.1065	0.6120	0.0902	0.7506
31	infolab	CM_beginning-1-1.000000-2000-result	24.0000	0.4033	0.5382	0.3783	0.8638
31	infolab	CM_threshold	65.0000	0.1995	0.5382	0.2388	0.8638
31	infolab	CP_beginning-1-1.000000-2000-result	24.0000	0.4033	0.5382	0.3783	0.8638
31	infolab	CP_threshold	65.0000	0.1974	0.5382	0.2370	0.8638
31	infolab	CW_beginning-1-1.000000-2000-result	24.0000	0.4033	0.5382	0.3783	0.8638
31	infolab	CW_threshold	65.0000	0.1974	0.5382	0.2370	0.8638
31	udel_fang	ProfOnlyFS2	33.0000	0.1447	0.3554	0.1041	0.4384
31	udel_fang	WikiOnlyFS2	190.0000	0.0501	0.5448	0.0620	0.6218
31	udel_fang	WikiProfMix1	190.0000	0.0499	0.5448	0.0656	0.6266
31	udel_fang	new_mix	172.0000	0.0535	0.5448	0.0698	0.6266
31	udel_fang	new_profile	33.0000	0.1447	0.3554	0.1041	0.4384
31	udel_fang	new_wiki	167.0000	0.0544	0.5448	0.0668	0.6218
31	AVG	-	87.6667	0.1918	0.5099	0.1933	0.7130
31	STD	-	67.0998	0.1344	0.0692	0.1256	0.1630
31	MIN	-	24.0000	0.0499	0.3554	0.0620	0.4384
31	MAX	-	190.0000	0.4033	0.5448	0.3783	0.8638
32	infolab	CM_beginning-1-1.000000-2000-result	429.0000	0.0470	0.1827	0.0205	0.3075
32	infolab	CM_threshold	760.0000	0.0314	0.2122	0.0133	0.2849
32	infolab	CP_beginning-1-1.000000-2000-result	429.0000	0.0470	0.1827	0.0205	0.3075
32	infolab	CP_threshold	767.0000	0.0311	0.2122	0.0132	0.2849
32	infolab	CW_beginning-1-1.000000-2000-result	429.0000	0.0470	0.1827	0.0204	0.3075
32	infolab	CW_threshold	767.0000	0.0311	0.2122	0.0132	0.2849
32	udel_fang	ProfOnlyFS2	267.0000	0.0520	0.1309	0.0154	0.2465
32	udel_fang	WikiOnlyFS2	940.0000	0.0313	0.2739	0.0146	0.2961
32	udel_fang	WikiProfMix1	940.0000	0.0276	0.2421	0.0167	0.3542
32	udel_fang	new_mix	907.0000	0.0285	0.2421	0.0172	0.3542
32	udel_fang	new_profile	266.0000	0.0522	0.1309	0.0154	0.2465
32	udel_fang	new_wiki	907.0000	0.0323	0.2739	0.0150	0.2961
32	AVG	-	650.6667	0.0382	0.2066	0.0163	0.2976
32	STD	-	255.0227	0.0094	0.0455	0.0027	0.0322
32	MIN	-	266.0000	0.0276	0.1309	0.0132	0.2465
32	MAX	-	940.0000	0.0522	0.2739	0.0205	0.3542
33	infolab	CM_beginning-1-1.000000-2000-result	32.0000	0.2059	0.3076	0.0970	0.3761
33	infolab	CM_threshold	27.0000	0.1094	0.1668	0.0748	0.4310
33	infolab	CP_beginning-1-1.000000-2000-result	32.0000	0.2059	0.3076	0.0970	0.3761
33	infolab	CP_threshold	27.0000	0.1094	0.1668	0.0748	0.4310
33	infolab	CW_beginning-1-1.000000-2000-result	32.0000	0.2059	0.3076	0.0970	0.3761
33	infolab	CW_threshold	40.0000	0.1552	0.3076	0.0812	0.3761
33	udel_fang	ProfOnlyFS2	96.0000	0.0820	0.4811	0.0959	0.6647
33	udel_fang	WikiOnlyFS2	194.0000	0.0495	0.8332	0.0830	0.8713
33	udel_fang	WikiProfMix1	256.0000	0.0430	0.8332	0.0728	0.8713
33	udel_fang	new_mix	232.0000	0.0453	0.8332	0.0764	0.8713
33	udel_fang	new_profile	88.0000	0.0864	0.4811	0.1002	0.6647
33	udel_fang	new_wiki	194.0000	0.0495	0.8332	0.0830	0.8713
33	AVG	-	104.1667	0.1123	0.4883	0.0861	0.5984
33	STD	-	85.3979	0.0625	0.2603	0.0101	0.2161
33	MIN	-	27.0000	0.0430	0.1668	0.0728	0.3761
33	MAX	-	256.0000	0.2059	0.8332	0.1002	0.8713
34	infolab	CM_beginning-1-1.000000-2000-result	88.0000	0.0715	0.5161	0.0975	0.7011
34	infolab	CM_threshold	114.0000	0.0582	0.5161	0.0812	0.7011
34	infolab	CP_beginning-1-1.000000-2000-result	88.0000	0.0715	0.5161	0.0975	0.7011
34	infolab	CP_threshold	124.0000	0.0538	0.5161	0.0756	0.7011
34	infolab	CW_beginning-1-1.000000-2000-result	88.0000	0.0715	0.5161	0.0975	0.7011
34	infolab	CW_threshold	124.0000	0.0538	0.5161	0.0756	0.7011
34	udel_fang	ProfOnlyFS2	94.0000	0.0556	0.3574	0.0222	0.2286
34	udel_fang	WikiOnlyFS2	552.0000	0.0150	0.5667	0.0273	0.8798
34	udel_fang	WikiProfMix1	799.0000	0.0135	0.6699	0.0251	0.8970
34	udel_fang	new_mix	538.0000	0.0175	0.6421	0.0322	0.8891
34	udel_fang	new_profile	92.0000	0.0559	0.3574	0.0223	0.2286
34	udel_fang	new_wiki	536.0000	0.0153	0.5667	0.0279	0.8798
34	AVG	-	269.7500	0.0461	0.5214	0.0568	0.6841
34	STD	-	246.8036	0.0227	0.0888	0.0316	0.2200
34	MIN	-	88.0000	0.0135	0.3574	0.0222	0.2286
34	MAX	-	799.0000	0.0715	0.6699	0.0975	0.8970
35	infolab	CM_beginning-1-1.000000-2000-result	300.0000	0.0141	0.3526	0.0240	0.9317
35	infolab	CM_threshold	530.0000	0.0105	0.4549	0.0187	0.9590
35	infolab	CP_beginning-1-1.000000-2000-result	300.0000	0.0141	0.3526	0.0240	0.9317
35	infolab	CP_threshold	530.0000	0.0105	0.4549	0.0187	0.9590
35	infolab	CW_beginning-1-1.000000-2000-result	300.0000	0.0141	0.3526	0.0240	0.9317
35	infolab	CW_threshold	530.0000	0.0105	0.4549	0.0187	0.9590
35	udel_fang	ProfOnlyFS2	686.0000	0.0066	0.3526	0.0129	1.0000
35	udel_fang	WikiOnlyFS2	936.0000	0.0058	0.4824	0.0099	0.8445
35	udel_fang	WikiProfMix1	936.0000	0.0059	0.4824	0.0100	0.8445
35	udel_fang	new_mix	885.0000	0.0062	0.4824	0.0105	0.8445
35	udel_fang	new_profile	597.0000	0.0075	0.3526	0.0146	1.0000
35	udel_fang	new_wiki	885.0000	0.0061	0.4824	0.0103	0.8445
35	AVG	-	617.9167	0.0093	0.4215	0.0164	0.9208
35	STD	-	237.4333	0.0033	0.0591	0.0055	0.0582
35	MIN	-	300.0000	0.0058	0.3526	0.0099	0.8445
35	MAX	-	936.0000	0.0141	0.4824	0.0240	1.0000
36	infolab	CM_beginning-1-1.000000-2000-result	83.0000	0.0324	0.1923	0.0316	0.5011
36	infolab	CM_threshold	241.0000	0.0154	0.1923	0.0162	0.5011
36	infolab	CP_beginning-1-1.000000-2000-result	83.0000	0.0324	0.1923	0.0316	0.5011
36	infolab	CP_threshold	241.0000	0.0154	0.1923	0.0162	0.5011
36	infolab	CW_beginning-1-1.000000-2000-result	83.0000	0.0324	0.1923	0.0316	0.5011
36	infolab	CW_threshold	241.0000	0.0154	0.1923	0.0162	0.5011
36	udel_fang	ProfOnlyFS2	467.0000	0.0095	0.2555	0.0083	0.4481
36	udel_fang	WikiOnlyFS2	927.0000	0.0074	0.4332	0.0128	0.8909
36	udel_fang	WikiProfMix1	928.0000	0.0075	0.4332	0.0136	0.9456
36	udel_fang	new_mix	751.0000	0.0083	0.4332	0.0151	0.9456
36	udel_fang	new_profile	434.0000	0.0098	0.2555	0.0085	0.4481
36	udel_fang	new_wiki	750.0000	0.0083	0.4332	0.0142	0.8909
36	AVG	-	435.7500	0.0162	0.2831	0.0180	0.6313
36	STD	-	312.2275	0.0098	0.1085	0.0082	0.2044
36	MIN	-	83.0000	0.0074	0.1923	0.0083	0.4481
36	MAX	-	928.0000	0.0324	0.4332	0.0316	0.9456
37	infolab	CM_beginning-1-1.000000-2000-result	306.0000	0.0408	0.3072	0.0511	0.5238
37	infolab	CM_threshold	370.0000	0.0349	0.3072	0.0444	0.5238
37	infolab	CP_beginning-1-1.000000-2000-result	306.0000	0.0408	0.3072	0.0511	0.5238
37	infolab	CP_threshold	370.0000	0.0349	0.3072	0.0444	0.5238
37	infolab	CW_beginning-1-1.000000-2000-result	306.0000	0.0408	0.3072	0.0511	0.5238
37	infolab	CW_threshold	370.0000	0.0349	0.3072	0.0444	0.5238
37	udel_fang	ProfOnlyFS2	142.0000	0.0444	0.1381	0.0289	0.3542
37	udel_fang	WikiOnlyFS2	990.0000	0.0267	0.6212	0.0352	0.8044
37	udel_fang	WikiProfMix1	990.0000	0.0273	0.6329	0.0330	0.7787
37	udel_fang	new_mix	974.0000	0.0277	0.6329	0.0335	0.7787
37	udel_fang	new_profile	142.0000	0.0444	0.1381	0.0289	0.3542
37	udel_fang	new_wiki	969.0000	0.0271	0.6212	0.0358	0.8044
37	AVG	-	519.5833	0.0354	0.3856	0.0402	0.5848
37	STD	-	334.1869	0.0066	0.1809	0.0082	0.1582
37	MIN	-	142.0000	0.0267	0.1381	0.0289	0.3542
37	MAX	-	990.0000	0.0444	0.6329	0.0511	0.8044
38	infolab	CM_beginning-1-1.000000-2000-result	118.0000	0.0766	0.5370	0.1055	0.7755
38	infolab	CM_threshold	117.0000	0.0778	0.5370	0.0983	0.7212
38	infolab	CP_beginning-1-1.000000-2000-result	118.0000	0.0766	0.5370	0.1055	0.7755
38	infolab	CP_threshold	169.0000	0.0583	0.5370	0.0869	0.8095
38	infolab	CW_beginning-1-1.000000-2000-result	118.0000	0.0766	0.5370	0.1055	0.7755
38	infolab	CW_threshold	193.0000	0.0516	0.5370	0.0779	0.8095
38	udel_fang	ProfOnlyFS2	104.0000	0.0633	0.3079	0.0213	0.1883
38	udel_fang	WikiOnlyFS2	329.0000	0.0358	0.6642	0.0480	0.6644
38	udel_fang	WikiProfMix1	537.0000	0.0247	0.6642	0.0336	0.6644
38	udel_fang	new_mix	444.0000	0.0287	0.6642	0.0389	0.6644
38	udel_fang	new_profile	104.0000	0.0633	0.3079	0.0213	0.1883
38	udel_fang	new_wiki	329.0000	0.0358	0.6642	0.0480	0.6644
38	AVG	-	223.3333	0.0558	0.5412	0.0659	0.6418
38	STD	-	143.2820	0.0192	0.1188	0.0326	0.2100
38	MIN	-	104.0000	0.0247	0.3079	0.0213	0.1883
38	MAX	-	537.0000	0.0778	0.6642	0.1055	0.8095
39	infolab	CM_beginning-1-1.000000-2000-result	77.0000	0.0441	0.6529	0.0636	0.7222
39	infolab	CM_threshold	86.0000	0.0406	0.6529	0.0589	0.7222
39	infolab	CP_beginning-1-1.000000-2000-result	77.0000	0.0441	0.6529	0.0636	0.7222
39	infolab	CP_threshold	86.0000	0.0406	0.6529	0.0589	0.7222
39	infolab	CW_beginning-1-1.000000-2000-result	77.0000	0.0441	0.6529	0.0636	0.7222
39	infolab	CW_threshold	86.0000	0.0406	0.6529	0.0589	0.7222
39	udel_fang	ProfOnlyFS2	19.0000	0.1076	0.4793	0.0264	0.2063
39	udel_fang	WikiOnlyFS2	840.0000	0.0069	0.8057	0.0121	0.7924
39	udel_fang	WikiProfMix1	840.0000	0.0069	0.8057	0.0121	0.7924
39	udel_fang	new_mix	446.0000	0.0112	0.8057	0.0194	0.7924
39	udel_fang	new_profile	16.0000	0.1163	0.4793	0.0281	0.2063
39	udel_fang	new_wiki	444.0000	0.0112	0.8057	0.0194	0.7924
39	AVG	-	257.8333	0.0428	0.6749	0.0404	0.6596
39	STD	-	295.8192	0.0344	0.1110	0.0214	0.2052
39	MIN	-	16.0000	0.0069	0.4793	0.0121	0.2063
39	MAX	-	840.0000	0.1163	0.8057	0.0636	0.7924
40	infolab	CM_beginning-1-1.000000-2000-result	189.0000	0.0370	0.6237	0.0529	0.6415
40	infolab	CM_threshold	254.0000	0.0327	0.6976	0.0457	0.6561
40	infolab	CP_beginning-1-1.000000-2000-result	189.0000	0.0370	0.6237	0.0529	0.6415
40	infolab	CP_threshold	254.0000	0.0327	0.6976	0.0457	0.6561
40	infolab	CW_beginning-1-1.000000-2000-result	189.0000	0.0370	0.6237	0.0529	0.6415
40	infolab	CW_threshold	254.0000	0.0327	0.6976	0.0457	0.6561
40	udel_fang	ProfOnlyFS2	295.0000	0.0201	0.4041	0.0088	0.2731
40	udel_fang	WikiOnlyFS2	952.0000	0.0093	0.6477	0.0143	0.7243
40	udel_fang	WikiProfMix1	952.0000	0.0092	0.6477	0.0142	0.7357
40	udel_fang	new_mix	879.0000	0.0096	0.6477	0.0149	0.7357
40	udel_fang	new_profile	262.0000	0.0217	0.4041	0.0094	0.2731
40	udel_fang	new_wiki	884.0000	0.0098	0.6477	0.0149	0.7243
40	AVG	-	462.7500	0.0241	0.6136	0.0310	0.6132
40	STD	-	323.1917	0.0115	0.0974	0.0185	0.1565
40	MIN	-	189.0000	0.0092	0.4041	0.0088	0.2731
40	MAX	-	952.0000	0.0370	0.6976	0.0529	0.7357
41	infolab	CM_beginning-1-1.000000-2000-result	58.0000	0.0733	0.5614	0.1159	0.8953
41	infolab	CM_threshold	31.0000	0.0975	0.4491	0.1323	0.7929
41	infolab	CP_beginning-1-1.000000-2000-result	58.0000	0.0728	0.5614	0.1151	0.8953
41	infolab	CP_threshold	31.0000	0.0732	0.3369	0.0829	0.6221
41	infolab	CW_beginning-1-1.000000-2000-result	58.0000	0.0728	0.5614	0.1151	0.8953
41	infolab	CW_threshold	69.0000	0.0645	0.5614	0.1033	0.8953
41	udel_fang	ProfOnlyFS2	68.0000	0.0501	0.3369	0.0396	0.4812
41	udel_fang	WikiOnlyFS2	700.0000	0.0119	0.6303	0.0166	0.6949
41	udel_fang	WikiProfMix1	716.0000	0.0116	0.6303	0.0174	0.8144
41	udel_fang	new_mix	384.0000	0.0177	0.6303	0.0264	0.8144
41	udel_fang	new_profile	63.0000	0.0523	0.3369	0.0411	0.4812
41	udel_fang	new_wiki	386.0000	0.0180	0.6303	0.0248	0.6949
41	AVG	-	218.5000	0.0513	0.5189	0.0692	0.7481
41	STD	-	250.2614	0.0283	0.1159	0.0434	0.1476
41	MIN	-	31.0000	0.0116	0.3369	0.0166	0.4812
41	MAX	-	716.0000	0.0975	0.6303	0.1323	0.8953
42	infolab	CM_beginning-1-1.000000-2000-result	183.0000	0.0614	0.5295	0.0687	0.6132
42	infolab	CM_threshold	316.0000	0.0369	0.5295	0.0507	0.6896
42	infolab	CP_beginning-1-1.000000-2000-result	183.0000	0.0614	0.5295	0.0687	0.6132
42	infolab	CP_threshold	276.0000	0.0418	0.5295	0.0537	0.6608
42	infolab	CW_beginning-1-1.000000-2000-result	183.0000	0.0614	0.5295	0.0687	0.6132
42	infolab	CW_threshold	333.0000	0.0354	0.5295	0.0488	0.6896
42	udel_fang	ProfOnlyFS2	45.0000	0.1606	0.4849	0.1081	0.3929
42	udel_fang	WikiOnlyFS2	853.0000	0.0208	0.8870	0.0315	0.7189
42	udel_fang	WikiProfMix1	866.0000	0.0204	0.8801	0.0306	0.7310
42	udel_fang	new_mix	665.0000	0.0246	0.8801	0.0361	0.7059
42	udel_fang	new_profile	45.0000	0.1606	0.4849	0.1081	0.3929
42	udel_fang	new_wiki	662.0000	0.0248	0.8870	0.0367	0.6945
42	AVG	-	384.1667	0.0592	0.6401	0.0592	0.6263
42	STD	-	285.5497	0.0477	0.1729	0.0256	0.1115
42	MIN	-	45.0000	0.0204	0.4849	0.0306	0.3929
42	MAX	-	866.0000	0.1606	0.8870	0.1081	0.7310
43	infolab	CM_beginning-1-1.000000-2000-result	9.0000	0.1527	0.2600	0.1924	1.0000
43	infolab	CM_threshold	9.0000	0.1527	0.2600	0.1924	1.0000
43	infolab	CP_beginning-1-1.000000-2000-result	9.0000	0.1527	0.2600	0.1924	1.0000
43	infolab	CP_threshold	9.0000	0.1527	0.2600	0.1924	1.0000
43	infolab	CW_beginning-1-1.000000-2000-result	9.0000	0.1527	0.2600	0.1924	1.0000
43	infolab	CW_threshold	9.0000	0.1527	0.2600	0.1924	1.0000
43	udel_fang	ProfOnlyFS2	28.0000	0.1015	0.4513	0.1556	0.9650
43	udel_fang	WikiOnlyFS2	872.0000	0.0054	0.5470	0.0086	0.7504
43	udel_fang	WikiProfMix1	886.0000	0.0063	0.6426	0.0086	0.6125
43	udel_fang	new_mix	681.0000	0.0080	0.6426	0.0108	0.6125
43	udel_fang	new_profile	28.0000	0.1015	0.4513	0.1556	0.9650
43	udel_fang	new_wiki	686.0000	0.0068	0.5470	0.0106	0.7504
43	AVG	-	269.5833	0.0955	0.4035	0.1254	0.8880
43	STD	-	366.2523	0.0654	0.1537	0.0829	0.1519
43	MIN	-	9.0000	0.0054	0.2600	0.0086	0.6125
43	MAX	-	886.0000	0.1527	0.6426	0.1924	1.0000
44	infolab	CM_beginning-1-1.000000-2000-result	223.0000	0.0671	0.4815	0.0918	0.7796
44	infolab	CM_threshold	332.0000	0.0507	0.5185	0.0701	0.7594
44	infolab	CP_beginning-1-1.000000-2000-result	224.0000	0.0669	0.4815	0.0916	0.7796
44	infolab	CP_threshold	338.0000	0.0499	0.5185	0.0708	0.7773
44	infolab	CW_beginning-1-1.000000-2000-result	225.0000	0.0665	0.4815	0.0911	0.7796
44	infolab	CW_threshold	339.0000	0.0497	0.5185	0.0705	0.7773
44	udel_fang	ProfOnlyFS2	64.0000	0.0966	0.3148	0.0700	0.4736
44	udel_fang	WikiOnlyFS2	770.0000	0.0201	0.5000	0.0255	0.6596
44	udel_fang	WikiProfMix1	906.0000	0.0179	0.5000	0.0218	0.6316
44	udel_fang	new_mix	668.0000	0.0218	0.5000	0.0264	0.6316
44	udel_fang	new_profile	62.0000	0.0979	0.3148	0.0707	0.4736
44	udel_fang	new_wiki	663.0000	0.0222	0.5000	0.0280	0.6596
44	AVG	-	401.1667	0.0523	0.4691	0.0607	0.6818
44	STD	-	268.6652	0.0270	0.0702	0.0263	0.1102
44	MIN	-	62.0000	0.0179	0.3148	0.0218	0.4736
44	MAX	-	906.0000	0.0979	0.5185	0.0918	0.7796
45	infolab	CM_beginning-1-1.000000-2000-result	67.0000	0.0695	0.2856	0.0919	0.7686
45	infolab	CM_threshold	43.0000	0.0746	0.2458	0.1084	0.9474
45	infolab	CP_beginning-1-1.000000-2000-result	67.0000	0.0695	0.2856	0.0919	0.7686
45	infolab	CP_threshold	43.0000	0.0740	0.2458	0.1078	0.9474
45	infolab	CW_beginning-1-1.000000-2000-result	67.0000	0.0695	0.2856	0.0919	0.7686
45	infolab	CW_threshold	85.0000	0.0556	0.2856	0.0766	0.7686
45	udel_fang	ProfOnlyFS2	28.0000	0.0606	0.1229	0.0112	0.4223
45	udel_fang	WikiOnlyFS2	133.0000	0.0265	0.3400	0.0337	0.7561
45	udel_fang	WikiProfMix1	316.0000	0.0173	0.3547	0.0231	0.7866
45	udel_fang	new_mix	237.0000	0.0207	0.3547	0.0273	0.7866
45	udel_fang	new_profile	24.0000	0.0598	0.1229	0.0111	0.4223
45	udel_fang	new_wiki	133.0000	0.0265	0.3400	0.0337	0.7561
45	AVG	-	103.5833	0.0520	0.2724	0.0591	0.7416
45	STD	-	85.8288	0.0215	0.0761	0.0371	0.1571
45	MIN	-	24.0000	0.0173	0.1229	0.0111	0.4223
45	MAX	-	316.0000	0.0746	0.3547	0.1084	0.9474
46	infolab	CM_beginning-1-1.000000-2000-result	20.0000	0.2101	0.3140	0.0625	0.2461
46	infolab	CM_threshold	22.0000	0.2144	0.3140	0.0633	0.2461
46	infolab	CP_beginning-1-1.000000-2000-result	20.0000	0.2101	0.3140	0.0625	0.2461
46	infolab	CP_threshold	27.0000	0.1791	0.3140	0.0566	0.2461
46	infolab	CW_beginning-1-1.000000-2000-result	20.0000	0.2101	0.3140	0.0625	0.2461
46	infolab	CW_threshold	27.0000	0.1791	0.3140	0.0566	0.2461
46	udel_fang	ProfOnlyFS2	72.0000	0.0866	0.4763	0.0112	0.0889
46	udel_fang	WikiOnlyFS2	844.0000	0.0119	0.5703	0.0052	0.1969
46	udel_fang	WikiProfMix1	876.0000	0.0116	0.5703	0.0054	0.2114
46	udel_fang	new_mix	444.0000	0.0200	0.5703	0.0092	0.2114
46	udel_fang	new_profile	70.0000	0.0882	0.4763	0.0114	0.0889
46	udel_fang	new_wiki	445.0000	0.0200	0.5703	0.0086	0.1969
46	AVG	-	240.5833	0.1201	0.4265	0.0346	0.2059
46	STD	-	315.3748	0.0846	0.1167	0.0262	0.0558
46	MIN	-	20.0000	0.0116	0.3140	0.0052	0.0889
46	MAX	-	876.0000	0.2144	0.5703	0.0633	0.2461
AVG	infolab	CW_beginning-1-1.000000-2000-result	127.1905	0.0963	0.4108	0.0959	0.6786
STD	infolab	CW_beginning-1-1.000000-2000-result	106.9355	0.0856	0.1492	0.0739	0.2064
MIN	infolab	CW_beginning-1-1.000000-2000-result	9.0000	0.0141	0.1827	0.0204	0.2461
MAX	infolab	CW_beginning-1-1.000000-2000-result	429.0000	0.4033	0.6529	0.3783	1.0000
AVG	infolab	CM_beginning-1-1.000000-2000-result	127.3333	0.0958	0.4108	0.0955	0.6786
STD	infolab	CM_beginning-1-1.000000-2000-result	106.7192	0.0855	0.1492	0.0737	0.2064
MIN	infolab	CM_beginning-1-1.000000-2000-result	9.0000	0.0141	0.1827	0.0205	0.2461
MAX	infolab	CM_beginning-1-1.000000-2000-result	429.0000	0.4033	0.6529	0.3783	1.0000
AVG	infolab	CP_beginning-1-1.000000-2000-result	127.3810	0.0958	0.4108	0.0955	0.6786
STD	infolab	CP_beginning-1-1.000000-2000-result	106.7621	0.0855	0.1492	0.0737	0.2064
MIN	infolab	CP_beginning-1-1.000000-2000-result	9.0000	0.0141	0.1827	0.0205	0.2461
MAX	infolab	CP_beginning-1-1.000000-2000-result	429.0000	0.4033	0.6529	0.3783	1.0000
AVG	infolab	CM_threshold	179.5714	0.0784	0.4016	0.0815	0.6646
STD	infolab	CM_threshold	189.1401	0.0545	0.1687	0.0538	0.2031
MIN	infolab	CM_threshold	9.0000	0.0105	0.1178	0.0133	0.2461
MAX	infolab	CM_threshold	760.0000	0.2144	0.6976	0.2388	1.0000
AVG	infolab	CP_threshold	182.4762	0.0756	0.3977	0.0794	0.6629
STD	infolab	CP_threshold	188.4573	0.0516	0.1665	0.0529	0.2040
MIN	infolab	CP_threshold	9.0000	0.0105	0.1493	0.0132	0.2461
MAX	infolab	CP_threshold	767.0000	0.1974	0.6976	0.2370	1.0000
AVG	infolab	CW_threshold	199.2381	0.0706	0.4232	0.0768	0.6886
STD	infolab	CW_threshold	182.5343	0.0525	0.1532	0.0521	0.2097
MIN	infolab	CW_threshold	9.0000	0.0105	0.1923	0.0132	0.2461
MAX	infolab	CW_threshold	767.0000	0.1974	0.6976	0.2370	1.0000
AVG	udel_fang	new_profile	125.4762	0.0723	0.3180	0.0472	0.4385
STD	udel_fang	new_profile	144.4496	0.0396	0.1258	0.0398	0.2211
MIN	udel_fang	new_profile	16.0000	0.0075	0.1229	0.0085	0.0889
MAX	udel_fang	new_profile	597.0000	0.1606	0.4849	0.1556	1.0000
AVG	udel_fang	ProfOnlyFS2	135.2381	0.0705	0.3180	0.0463	0.4385
STD	udel_fang	ProfOnlyFS2	162.4453	0.0391	0.1258	0.0397	0.2211
MIN	udel_fang	ProfOnlyFS2	19.0000	0.0066	0.1229	0.0083	0.0889
MAX	udel_fang	ProfOnlyFS2	686.0000	0.1606	0.4849	0.1556	1.0000
AVG	udel_fang	new_wiki	569.9048	0.0230	0.5817	0.0292	0.6750
STD	udel_fang	new_wiki	257.4163	0.0132	0.1619	0.0195	0.1787
MIN	udel_fang	new_wiki	133.0000	0.0061	0.2739	0.0086	0.1969
MAX	udel_fang	new_wiki	969.0000	0.0544	0.8870	0.0830	0.8909
AVG	udel_fang	new_mix	586.4286	0.0222	0.5950	0.0283	0.6725
STD	udel_fang	new_mix	239.2669	0.0120	0.1573	0.0178	0.1785
MIN	udel_fang	new_mix	172.0000	0.0062	0.2421	0.0092	0.2114
MAX	udel_fang	new_mix	974.0000	0.0535	0.8801	0.0764	0.9456
AVG	udel_fang	WikiOnlyFS2	705.0476	0.0206	0.5819	0.0266	0.6752
STD	udel_fang	WikiOnlyFS2	291.4399	0.0133	0.1619	0.0198	0.1791
MIN	udel_fang	WikiOnlyFS2	133.0000	0.0054	0.2739	0.0052	0.1969
MAX	udel_fang	WikiOnlyFS2	990.0000	0.0501	0.8870	0.0830	0.8909
AVG	udel_fang	WikiProfMix1	755.0952	0.0189	0.5965	0.0245	0.6788
STD	udel_fang	WikiProfMix1	257.4157	0.0116	0.1578	0.0172	0.1768
MIN	udel_fang	WikiProfMix1	190.0000	0.0059	0.2421	0.0054	0.2114
MAX	udel_fang	WikiProfMix1	990.0000	0.0499	0.8801	0.0728	0.9456
AVG	ALL	-	318.3651	0.0617	0.4538	0.0605	0.6359
STD	ALL	-	312.0313	0.0612	0.1831	0.0569	0.2186
MIN	ALL	-	9.0000	0.0054	0.1178	0.0052	0.0889
MAX	ALL	-	990.0000	0.4033	0.8870	0.3783	1.0000
